,german_ids
0,2048
1,1
2,2
3,3
4,2049
5,2050
6,2052
7,2053
8,2054
9,2055
10,2569
11,3597
12,2062
13,2063
14,2064
15,2065
16,3598
17,2067
18,2068
19,2069
20,2070
21,2071
22,2072
23,2073
24,2074
25,2075
26,4127
27,3104
28,3105
29,3106
30,3107
31,3108
32,3109
33,3110
34,3111
35,2600
36,3112
37,3113
38,3114
39,3115
40,3116
41,3117
42,3118
43,3119
44,3120
45,3121
46,3122
47,2612
48,3123
49,3124
50,2615
51,2616
52,2617
53,3125
54,2047
55,3126
56,3127
57,3128
58,3129
59,3130
60,3131
61,2626
62,3066
63,2628
64,3132
65,3133
66,3067
67,3135
68,3136
69,3137
70,3138
71,3141
72,3142
73,3143
74,3144
75,3145
76,2560
77,3069
78,3148
79,3149
80,3150
81,3151
82,3152
83,3153
84,3154
85,3155
86,3156
87,3157
88,3158
89,3162
90,3163
91,3164
92,3165
93,3166
94,3168
95,3169
96,3170
97,3174
98,3175
99,3176
100,3177
101,3178
102,3179
103,3180
104,3181
105,3182
106,3183
107,3184
108,3185
109,3186
110,3187
111,3188
112,3189
113,3191
114,3193
115,3196
116,3197
117,3198
118,3199
119,3200
120,3201
121,3205
122,3206
123,3207
124,3208
125,3209
126,2698
127,3210
128,3211
129,3212
130,3213
131,3214
132,3215
133,3216
134,3217
135,3218
136,3219
137,3220
138,3221
139,4240
140,4241
141,4242
142,2721
143,3239
144,3240
145,3241
146,3242
147,3243
148,5288
149,3246
150,3247
151,3248
152,3249
153,3250
154,3252
155,3253
156,3254
157,3272
158,3273
159,3274
160,3275
161,3276
162,3277
163,3278
164,3279
165,2768
166,3280
167,3281
168,3282
169,3283
170,2773
171,3284
172,3285
173,3286
174,3287
175,3288
176,3289
177,3290
178,2781
179,3291
180,3292
181,3293
182,3294
183,3295
184,3296
185,3297
186,3298
187,3299
188,3300
189,3301
190,3302
191,3303
192,3304
193,3305
194,3306
195,3307
196,3308
197,3309
198,3310
199,3313
200,3314
201,3317
202,3319
203,3320
204,3323
205,3324
206,3325
207,2322
208,2373
209,2379
210,2380
211,2381
212,2385
213,3636
214,2433
215,2435
216,2439
217,2440
218,2441
219,2447
220,2448
221,2449
222,2450
223,2451
224,2452
225,2453
226,2454
227,2455
228,3134
229,2462
230,2463
231,3645
232,3646
233,2494
234,2495
235,2496
236,2497
237,2506
238,3019
239,3021
240,3022
241,2009
242,2010
243,2022
244,2023
245,2025
246,2026
247,2027
248,2028
249,2029
250,2030
251,2031
252,2032
253,2033
254,2035
255,2036
256,2037
257,2038
258,2039
259,2040
260,3065
261,2042
262,2043
263,2045
264,2046
265,2559
