,math_ids
0,4096
1,4097
2,109
3,4908
4,4911
5,4912
6,4913
7,4243
8,4245
9,4246
10,4247
11,4248
12,4249
13,4250
14,4251
15,4915
16,4253
17,4254
18,4255
19,4256
20,4257
21,4258
22,4259
23,4260
24,4261
25,4262
26,4263
27,4264
28,4917
29,4921
30,4923
31,4924
32,4928
33,4929
34,4930
35,2280
36,2281
37,4931
38,2285
39,2286
40,4932
41,2288
42,2289
43,4933
44,2296
45,2298
46,2302
47,4935
48,2308
49,2311
50,4937
51,2315
52,2316
53,2317
54,2318
55,2319
56,2320
57,2321
58,4938
59,4939
60,2325
61,2330
62,2336
63,2346
64,2348
65,4952
66,4958
67,4959
68,2426
69,2427
70,2429
71,2430
72,2432
73,4500
74,4501
75,4502
76,2480
77,2481
78,2487
79,2488
80,2489
81,2525
82,2526
83,2529
84,2530
85,2533
86,4596
87,4597
88,4599
89,2574
90,2575
91,2579
92,2584
93,2591
94,4657
95,1015
96,4825
97,4826
98,4827
99,4828
100,4829
101,4830
102,4831
103,4832
104,4833
105,4834
106,4835
107,4836
108,4837
109,4838
110,4839
111,4840
112,4841
113,4842
114,4843
115,4844
116,4845
117,4846
118,4847
119,4848
120,4849
121,4850
122,4851
123,4853
124,4854
125,4855
126,4856
127,4857
128,4858
129,4859
130,4860
131,4861
132,4862
133,4863
134,4864
135,4865
136,4866
137,4867
138,4868
139,4869
140,4870
141,4871
142,2824
143,4872
144,4873
145,4874
146,4875
147,4876
148,4877
149,4878
150,4879
151,4880
152,4881
153,4882
154,2836
155,4883
156,4884
157,4885
158,4886
159,4887
160,4888
161,4889
162,4890
163,4891
164,4892
165,4893
166,2848
167,2849
168,2850
169,4894
170,4895
171,4896
172,2854
173,2855
174,4897
175,2857
176,4898
177,4899
178,4900
179,2861
180,4901
181,4902
182,4903
183,4905
184,4906
185,2867
186,4907
187,2869
188,4910
189,2871
190,2872
191,2873
192,2874
193,4914
194,2876
195,2877
196,1016
197,4918
198,4919
199,4920
200,2882
201,4922
202,2884
203,2885
204,4925
205,4926
206,4927
207,2889
208,2890
209,2891
210,2892
211,2893
212,2894
213,4934
214,2896
215,4936
216,2898
217,2899
218,2900
219,4940
220,4941
221,4942
222,4943
223,4944
224,4945
225,4946
226,4947
227,4948
228,4949
229,4950
230,4951
231,2913
232,4953
233,4954
234,4955
235,4956
236,4957
237,2919
238,2920
239,4960
240,4961
241,2926
242,2927
243,2941
244,2947
245,2978
246,2981
247,2982
248,2984
249,2987
250,2988
251,950
252,951
253,952
254,953
255,954
256,955
257,956
258,957
259,958
260,959
261,3008
262,960
263,961
264,3011
265,3012
266,962
267,3014
268,963
269,3016
270,964
271,965
272,966
273,967
274,968
275,969
276,970
277,971
278,972
279,973
280,974
281,3028
282,975
283,976
284,977
285,978
286,979
287,980
288,981
289,982
290,983
291,984
292,985
293,986
294,987
295,988
296,3043
297,989
298,3045
299,990
300,991
301,992
302,993
303,994
304,3051
305,995
306,997
307,998
308,999
309,1000
310,1001
311,1002
312,1003
313,1004
314,3061
315,1005
316,1006
317,1007
318,1008
319,1009
320,1010
321,1011
322,1012
323,1013
324,1014
325,1024
326,1025
327,1026
328,1027
329,1018
330,1029
331,1030
332,1031
333,1032
334,1033
335,1034
336,1035
337,1036
338,1037
339,1038
340,3078
341,1040
342,1041
343,1042
344,1043
345,1044
346,1045
347,1046
348,1047
349,1048
350,1049
351,3096
352,1051
353,1052
354,1053
355,1054
356,1022
357,1023
358,1058
359,1059
360,1060
361,1061
362,1062
363,1063
364,3060
365,1019
366,1067
367,1020
368,1021
369,5229
370,5230
371,5231
372,5232
373,5233
374,5234
375,3077
376,3079
377,3081
378,3082
379,3083
380,3348
381,3408
382,3410
383,3411
384,3420
385,3421
386,3422
387,3423
388,3424
389,3425
390,3426
391,3427
392,3428
393,3443
394,3444
395,3445
396,3446
397,3488
398,3492
399,3493
400,3494
401,3495
402,3496
403,3502
404,3503
405,3504
406,3509
407,3510
408,3511
409,3513
410,3517
411,3518
412,3520
413,3521
414,3522
415,3523
416,3525
417,3526
418,3527
419,3528
420,3529
421,3530
422,3531
423,3532
424,3533
425,3534
426,3535
427,3536
428,3537
429,3538
430,3539
431,3540
432,3565
433,4916
